-1, 500000




0, 490116
      
1, 481503
      
2, 469612
      
3, 454791
      
4, 436444
      
5, 415001
      
6, 390784
      
7, 364550
      
8, 336637
      
9, 307482
      
10, 277904
      
11, 248691
      
12, 220241
      
13, 193327
      
14, 167598
      
15, 143826
      
16, 122535
      
17, 103662
      
18, 86784
      
19, 71880
      
20, 58902
      
21, 47709
      
22, 38450
      
23, 30540
      
24, 23920
      
25, 18373
      
26, 14029
      
27, 10627
      
28, 7948
      
29, 5923
      
30, 4388
      
31, 3191
      
32, 2319
      
33, 1645
      
34, 1139
      
35, 787
      
36, 527
      
37, 353
      
38, 228
      
39, 156
      
40, 111
      
41, 67
      
42, 43
      
43, 21
      
44, 13
      
45, 10
      
46, 8
      
47, 4
      
48, 0
