-1, 50000000



      
0, 48997986
      
1, 48133545
      
2, 46947265
      
3, 45422967
      
4, 43560361
      
5, 41383865
      
6, 38929754
      
7, 36252196
      
8, 33415380
      
9, 30486705
      
10, 27528595
      
11, 24601113
      
12, 21758665
      
13, 19051135
      
14, 16515409
      
15, 14175631
      
16, 12052489
      
17, 10152776
      
18, 8474342
      
19, 7010915
      
20, 5748420
      
21, 4673301
      
22, 3767095
      
23, 3012308
      
24, 2390149
      
25, 1881565
      
26, 1469925
      
27, 1140386
      
28, 878122
      
29, 671944
      
30, 510686
      
31, 385605
      
32, 289153
      
33, 215109
      
34, 158754
      
35, 116610
      
36, 85249
      
37, 61765
      
38, 44402
      
39, 31822
      
40, 22981
      
41, 16443
      
42, 11742
      
43, 8330
      
44, 5850
      
45, 4107
      
46, 2837
      
47, 1928
      
48, 1265
      
49, 783
      
50, 495
      
51, 317
      
52, 209
      
53, 139
      
54, 87
      
55, 50
      
56, 25
      
57, 12
      
58, 5
      
59, 2
      
60, 0
      